UNITS MIL,10000;
EDIT proj;
ADD P1 :W0.000000  0.000,-36.071 78.740,-36.071 78.740,36.071 0.000,36.071;
ADD P1 :W0.000000  114.781,-137.968 114.781,137.968 78.740,137.968 78.740,-36.071 96.761,-36.071 96.761,-137.968;
ADD P1 :W0.000000  114.781,-137.968 655.608,-137.968 655.608,137.968 114.781,137.968;
ADD P1 :W0.000000  880.015,-137.968 880.015,137.968 655.608,137.968 655.608,-137.968;
ADD P1 :W0.000000  880.015,-137.968 1420.842,-137.968 1420.842,137.968 880.015,137.968;
ADD P1 :W0.000000  1456.883,-36.071 1456.883,137.968 1420.842,137.968 1420.842,-137.968 1438.863,-137.968 1438.863,-36.071;
ADD P1 :W0.000000  1456.883,-36.071 1535.623,-36.071 1535.623,36.071 1456.883,36.071;
ADD P1 :W0.000000  1420.842,674.767 1420.842,137.968 1456.883,137.968 1456.883,674.767;
ADD P1 :W0.000000  1420.842,950.703 1420.842,674.767 1456.883,674.767 1456.883,848.806 1438.863,848.806 1438.863,950.703;
ADD P1 :W0.000000  880.016,674.767 1420.842,674.767 1420.842,950.703 880.016,950.703;
ADD P1 :W0.000000  655.608,950.703 655.608,674.767 880.016,674.767 880.016,950.703;
ADD P1 :W0.000000  114.781,674.767 655.608,674.767 655.608,950.703 114.781,950.703;
ADD P1 :W0.000000  78.740,848.806 78.740,674.767 114.781,674.767 114.781,950.703 96.761,950.703 96.761,848.806;
ADD P1 :W0.000000  1.0000000e-04,776.664 78.740,776.664 78.740,848.806 1.0000000e-04,848.806;
ADD P1 :W0.000000  78.740,674.767 78.740,137.968 114.781,137.968 114.781,674.767;
ADD P1 :W0.000000  655.608,674.767 655.608,137.968 880.015,137.968 880.015,674.767;
ADD P1 :W0.000000  1456.883,776.664 1535.623,776.664 1535.623,848.806 1456.883,848.806;
SAVE;
